1 0.555288 0.214458 0.0384615 0.0433735
1 0.555288 0.122892 0.0336538 0.0385542
0 0.914663 0.143373 0.03125 0.0361446
0 0.914663 0.195181 0.03125 0.0385542
0 0.711538 0.249398 0.0576923 0.0795181
0 0.355769 0.298795 0.105769 0.110843
0 0.353365 0.046988 0.100962 0.0939759
0 0.123798 0.273494 0.0793269 0.0891566
0 0.123798 0.0638554 0.0793269 0.0891566
0 0.527644 0.304819 0.103365 0.122892
0 0.527644 0.0493976 0.103365 0.0987952
0 0.221154 0.251807 0.0865385 0.0987952
0 0.776442 0.296386 0.105769 0.115663
0 0.776442 0.0493976 0.110577 0.0987952
0 0.223558 0.0819277 0.0865385 0.101205
