0 0.814904 0.354217 0.0480769 0.0626506
0 0.661058 0.353012 0.0432692 0.0554217
0 0.292067 0.0168675 0.0697115 0.0337349
0 0.401442 0.309639 0.0576923 0.0843373
0 0.290865 0.333735 0.0673077 0.0843373
0 0.52524 0.318072 0.0793269 0.0963855
0 0.401442 0.0301205 0.0625 0.060241
0 0.524038 0.0301205 0.0817308 0.060241
0 0.721154 0.0180723 0.0721154 0.0361446
0 0.719952 0.336145 0.0697115 0.0843373
0 0.883413 0.318072 0.0841346 0.101205
0 0.0961538 0.306024 0.0865385 0.106024
0 0.0973558 0.0373494 0.0841346 0.0746988
0 0.883413 0.0325301 0.0841346 0.0650602
