0 0.478365 0.2 0.0336538 0.0385542
0 0.516827 0.378313 0.0384615 0.0481928
0 0.668269 0.3 0.0384615 0.0457831
0 0.53125 0.356627 0.0384615 0.0433735
0 0.669471 0.0277108 0.0408654 0.0457831
0 0.478365 0.127711 0.0336538 0.0385542
0 0.639423 0.383133 0.0384615 0.0481928
0 0.332933 0.301205 0.0360577 0.0385542
0 0.168269 0.290361 0.0336538 0.0409639
0 0.930288 0.460241 0.0432692 0.0481928
0 0.240385 0.379518 0.0384615 0.0457831
0 0.168269 0.0385542 0.0336538 0.0385542
0 0.144231 0.487952 0.0480769 0.0506024
0 0.332933 0.0277108 0.0360577 0.0409639
0 0.97476 0.612048 0.0504808 0.053012
