1 0.167067 0.117788 0.0408654 0.0528846
1 0.951923 0.0420673 0.0865385 0.0841346
1 0.673077 0.378606 0.0432692 0.0504808
1 0.078125 0.393029 0.0793269 0.0745192
1 0.169471 0.382212 0.0504808 0.0576923
1 0.516827 0.370192 0.0384615 0.0480769
1 0.16226 0.144231 0.0408654 0.0480769
1 0.798077 0.0769231 0.0625 0.0721154
1 0.16226 0.350962 0.0408654 0.0432692
1 0.677885 0.122596 0.0528846 0.0625
1 0.078125 0.104567 0.0745192 0.0697115
1 0.342548 0.138221 0.0360577 0.0408654
1 0.441106 0.134615 0.0360577 0.0432692
1 0.341346 0.356971 0.0384615 0.0408654
1 0.516827 0.123798 0.0432692 0.0504808
1 0.442308 0.359375 0.0384615 0.0456731
1 0.211538 0.126202 0.0480769 0.0600962
1 0.633413 0.389423 0.0552885 0.0576923
1 0.633413 0.108173 0.0504808 0.0576923
1 0.800481 0.418269 0.0673077 0.0769231
1 0.210337 0.36899 0.0504808 0.0600962
1 0.0540865 0.0540865 0.108173 0.108173
1 0.956731 0.466346 0.0865385 0.110577
1 0.0564904 0.44351 0.112981 0.127404
