0 0.557692 0.0108434 0.0528846 0.0216867
0 0.716346 0.283133 0.0384615 0.0506024
0 0.717548 0.0445783 0.0360577 0.0506024
0 0.55649 0.333735 0.0456731 0.060241
0 0.817308 0.0481928 0.0625 0.0819277
0 0.216346 0.380723 0.0576923 0.0626506
0 0.817308 0.279518 0.0625 0.086747
0 0.875 0.280723 0.0721154 0.103614
0 0.872596 0.0493976 0.0817308 0.0987952
0 0.972356 0.272289 0.0552885 0.0819277
0 0.56851 0.248193 0.0793269 0.0915663
0 0.492788 0.415663 0.129808 0.137349
0 0.973558 0.0566265 0.0528846 0.0795181
0 0.569712 0.0819277 0.0817308 0.086747
