1 0.126202 0.404819 0.0360577 0.0578313
1 0.989183 0.0421687 0.0216346 0.060241
1 0.989183 0.395181 0.0216346 0.0578313
1 0.128606 0.0313253 0.0360577 0.053012
1 0.948317 0.384337 0.0456731 0.0554217
1 0.949519 0.053012 0.0480769 0.053012
1 0.0264423 0.396386 0.0528846 0.060241
1 0.405048 0.387952 0.0649038 0.0771084
1 0.171875 0.410843 0.0793269 0.0939759
1 0.274038 0.390361 0.0721154 0.0819277
1 0.403846 0.0421687 0.0625 0.0795181
1 0.789663 0.0614458 0.0697115 0.0843373
1 0.0288462 0.0385542 0.0576923 0.0674699
1 0.790865 0.36988 0.0721154 0.0843373
1 0.637019 0.386747 0.0625 0.0746988
1 0.635817 0.0445783 0.0600962 0.0795181
1 0.174279 0.0337349 0.0745192 0.0674699
1 0.272837 0.0445783 0.0745192 0.0843373
