1 0.391827 0.213942 0.0336538 0.0432692
0 0.21274 0.21875 0.137019 0.144231
0 0.414663 0.205529 0.03125 0.0456731
0 0.319712 0.216346 0.0432692 0.0576923
0 0.507212 0.215144 0.0480769 0.0889423
0 0.950721 0.24399 0.0889423 0.112981
0 0.866587 0.0240385 0.199519 0.0480769
0 0.252404 0.203125 0.0961538 0.137019
0 0.466346 0.222356 0.0721154 0.0985577
0 0.854567 0.203125 0.213942 0.262019
0 0.180288 0.242788 0.0769231 0.105769
0 0.677885 0.223558 0.0913462 0.105769
0 0.0324519 0.195913 0.0649038 0.103365
