1 0.43149 0.0144578 0.03125 0.0289157
1 0.44351 0.0156627 0.0408654 0.0313253
1 0.353365 0.33012 0.0288462 0.0433735
1 0.700721 0.337349 0.0264423 0.0385542
1 0.353365 0.00843373 0.0288462 0.0168675
1 0.16226 0.296386 0.0456731 0.101205
1 0.134615 0.303614 0.0528846 0.101205
1 0.483173 0.0180723 0.0432692 0.0361446
1 0.449519 0.315663 0.0336538 0.053012
1 0.677885 0.328916 0.0288462 0.0409639
1 0.0925481 0.291566 0.0600962 0.115663
1 0.0384615 0.0771084 0.0769231 0.154217
1 0.68149 0.00963855 0.0360577 0.0192771
1 0.0949519 0.0373494 0.0600962 0.0746988
1 0.539663 0.0192771 0.03125 0.0385542
1 0.38101 0.324096 0.03125 0.0457831
1 0.538462 0.313253 0.0336538 0.0481928
1 0.382212 0.013253 0.0336538 0.026506
1 0.0384615 0.26747 0.0769231 0.19759
1 0.144231 0.0373494 0.0673077 0.0746988
1 0.481971 0.320482 0.0456731 0.0578313
1 0.230769 0.3 0.0625 0.0795181
1 0.597356 0.314458 0.0552885 0.0650602
1 0.597356 0.0228916 0.0552885 0.0457831
1 0.304087 0.308434 0.0552885 0.0722892
1 0.230769 0.0349398 0.0673077 0.0698795
1 0.304087 0.0289157 0.0552885 0.0578313
