1 0.628606 0.439904 0.0408654 0.0673077
1 0.877404 0.424279 0.0384615 0.0649038
1 0.935096 0.00841346 0.100962 0.0168269
1 0.561298 0.450721 0.03125 0.0600962
1 0.527644 0.469952 0.0360577 0.0552885
1 0.795673 0.454327 0.0336538 0.0528846
1 0.429087 0.432692 0.0360577 0.0432692
1 0.657452 0.442308 0.0408654 0.0576923
1 0.346154 0.478365 0.0384615 0.0528846
1 0.447115 0.469952 0.0432692 0.0552885
1 0.59375 0.441106 0.0625 0.0793269
1 0.757212 0.447115 0.0432692 0.0576923
1 0.0865385 0.47476 0.0480769 0.0552885
0 0.258413 0.424279 0.0600962 0.0841346
1 0.138221 0.457933 0.0504808 0.0649038
1 0.387019 0.46274 0.0528846 0.0697115
1 0.700721 0.429087 0.0697115 0.0889423
0 0.492788 0.44351 0.0480769 0.0697115
1 0.203125 0.461538 0.0697115 0.0865385
1 0.829327 0.432692 0.0576923 0.0769231
1 0.933894 0.383413 0.122596 0.132212
