1 0.0192308 0.323317 0.0240385 0.0264423
1 0.0612981 0.0108173 0.0408654 0.0216346
1 0.103365 0.00721154 0.0240385 0.0144231
0 0.566106 0.0324519 0.0456731 0.0600962
0 0.512019 0.0228365 0.0769231 0.0456731
0 0.564904 0.30649 0.0432692 0.0649038
1 0.0600962 0.323317 0.0384615 0.0360577
1 0.96875 0.22476 0.0625 0.117788
1 0.969952 0.105769 0.0600962 0.115385
0 0.510817 0.335337 0.0745192 0.0985577
0 0.466346 0.27524 0.0625 0.0745192
0 0.594952 0.0612981 0.0697115 0.0889423
0 0.59375 0.270433 0.0721154 0.0889423
0 0.451923 0.373798 0.0913462 0.103365
0 0.467548 0.0552885 0.0600962 0.0769231
0 0.28125 0.278846 0.0961538 0.115385
0 0.28125 0.0540865 0.0961538 0.108173
