0 0.13101 0.0060241 0.0697115 0.0120482
0 0.164663 0.412048 0.03125 0.053012
0 0.147837 0.407229 0.0408654 0.0578313
0 0.0120192 0.438554 0.0240385 0.053012
0 0.826923 0.408434 0.0336538 0.0457831
0 0.69351 0.408434 0.0360577 0.0457831
0 0.628606 0.413253 0.0360577 0.0506024
0 0.747596 0.401205 0.0384615 0.0506024
0 0.334135 0.409639 0.0384615 0.0481928
0 0.86899 0.391566 0.0408654 0.0554217
0 0.579327 0.403614 0.0432692 0.0506024
0 0.0408654 0.421687 0.0480769 0.0578313
0 0.237981 0.412048 0.0432692 0.053012
0 0.379808 0.407229 0.0432692 0.053012
0 0.128606 0.351807 0.0697115 0.0674699
