1 0.424279 0.00481928 0.03125 0.00963855
1 0.0216346 0.356627 0.0384615 0.0481928
0 0.723558 0.478313 0.0817308 0.0891566
0 0.808894 0.475904 0.0649038 0.0650602
1 0.478365 0.179518 0.0432692 0.0506024
1 0.159856 0.277108 0.0456731 0.053012
1 0.515625 0.174699 0.0360577 0.0457831
1 0.447115 0.168675 0.0384615 0.053012
0 0.387019 0.159036 0.0384615 0.053012
1 0.515625 0.00481928 0.0360577 0.00963855
1 0.478365 0.00481928 0.0336538 0.00963855
1 0.55649 0.159036 0.0408654 0.053012
0 0.385817 0.013253 0.0408654 0.026506
0 0.328125 0.298795 0.0600962 0.053012
1 0.846154 0.292771 0.0432692 0.0506024
1 0.737981 0.220482 0.0432692 0.0506024
0 0.627404 0.160241 0.0480769 0.060241
0 0.329327 0.162651 0.0432692 0.0554217
0 0.628606 0.0156627 0.0456731 0.0313253
1 0.448317 0.00963855 0.0408654 0.0192771
0 0.423077 0.285542 0.0576923 0.0650602
1 0.55649 0.0168675 0.0456731 0.0337349
0 0.330529 0.0144578 0.0456731 0.0289157
