0 0.56851 0.408654 0.03125 0.0384615
0 0.411058 0.417067 0.0288462 0.03125
0 0.78125 0.00961538 0.0625 0.0192308
0 0.673077 0.0228365 0.0384615 0.0456731
0 0.409856 0.0132212 0.03125 0.0264423
0 0.413462 0.445913 0.0288462 0.03125
0 0.56851 0.0180288 0.0360577 0.0360577
0 0.769231 0.0492788 0.0625 0.0697115
0 0.102163 0.294471 0.0408654 0.0456731
0 0.769231 0.382212 0.0625 0.0769231
0 0.103365 0.133413 0.0384615 0.0408654
0 0.632212 0.389423 0.0769231 0.0865385
0 0.633413 0.0408654 0.0745192 0.0817308
