0 0.230769 0.412048 0.0432692 0.0433735
0 0.313702 0.391566 0.03125 0.0361446
0 0.723558 0.0108434 0.0480769 0.0216867
0 0.241587 0.416867 0.0360577 0.0385542
0 0.332933 0.409639 0.0360577 0.0385542
0 0.360577 0.386747 0.0432692 0.0554217
0 0.0204327 0.20241 0.0408654 0.0722892
0 0.453125 0.372289 0.0552885 0.0650602
0 0.72476 0.338554 0.0504808 0.0698795
0 0.776442 0.301205 0.0865385 0.086747
0 0.0192308 0.127711 0.0384615 0.0674699
0 0.774038 0.0361446 0.0913462 0.0722892
0 0.596154 0.33012 0.0673077 0.0819277
0 0.594952 0.0204819 0.0697115 0.0409639
